height<-c(5.1,5.5,5.8,6.1,6.4,6.7,6.4,6.1,5.1,5.7)
weight<-c()